
Averaged Area Burned per Region and Month in 2019
==================================
Region year month mean_area_burned
----------------------------------
1      2019   1     0.8309838055  
1      2019   2   12.5727226946667
1      2019   3     4.122530655   
2      2019   1     0.474933634   
2      2019   2   16.0581841826667
2      2019   3     0.965998637   
3      2019   1     7.8900349496  
3      2019   2   10.3195133602857
3      2019   3    5.918114412375 
----------------------------------
