
Averaged Area Burned per Region and Month in 2020
==================================
Region year month mean_area_burned
----------------------------------
1      2020   1   2.00634952015385
1      2020   2      0.09788119   
1      2020   3   9.3469833849697 
2      2020   1     0.244047787   
2      2020   2     0.463592865   
2      2020   3   6.08461431317857
3      2020   1     0.792966327   
3      2020   2    4.13064483675  
3      2020   3   10.701606044125 
----------------------------------
