
Averaged Area Burned per Region and Month in 2021
====================================
Region year month  mean_area_burned 
------------------------------------
1      2021   1      1.9394739578   
1      2021   2      6.932874749    
1      2021   3      1.639497249    
2      2021   1   0.0505180953333333
2      2021   2          NaN        
2      2021   3      2.517548031    
3      2021   1      6.888081315    
3      2021   2      7.5260532985   
3      2021   3          NaN        
------------------------------------
