
Averaged Area Burned per Region and Month in 2022
==================================
Region year month mean_area_burned
----------------------------------
1      2022   1   4.32413296091667
1      2022   2   1.67631351662069
1      2022   3   2.48194438920588
2      2022   1     0.117287423   
2      2022   2    2.44418680225  
2      2022   3    2.74896982468  
3      2022   1   3.35903998033333
3      2022   2   3.34139335514286
3      2022   3     21.934629765  
----------------------------------
