
Averaged Area Burned per Region and Month in 2023
==================================
Region year month mean_area_burned
----------------------------------
1      2023   1         NaN       
1      2023   2         0.15      
1      2023   3         0.89      
2      2023   1         NaN       
2      2023   2         0.35      
2      2023   3         3.2       
3      2023   1         NaN       
3      2023   2         0.9       
3      2023   3         9.88      
----------------------------------
