
Averaged Area Burned for Each Year and Region
====================================
Region year month  mean_area_burned 
------------------------------------
1      2019   1      0.8309838055   
1      2019   2    12.5727226946667 
1      2019   3      4.122530655    
1      2020   1    2.00634952015385 
1      2020   2       0.09788119    
1      2020   3    9.3469833849697  
1      2021   1      1.9394739578   
1      2021   2      6.932874749    
1      2021   3      1.639497249    
1      2022   1    4.32413296091667 
1      2022   2    1.67631351662069 
1      2022   3    2.48194438920588 
1      2023   1          NaN        
1      2023   2   0.150580597166667 
1      2023   3   0.885726187555556 
2      2019   1      0.474933634    
2      2019   2    16.0581841826667 
2      2019   3      0.965998637    
2      2020   1      0.244047787    
2      2020   2      0.463592865    
2      2020   3    6.08461431317857 
2      2021   1   0.0505180953333333
2      2021   2          NaN        
2      2021   3      2.517548031    
2      2022   1      0.117287423    
2      2022   2     2.44418680225   
2      2022   3     2.74896982468   
2      2023   1          NaN        
2      2023   2      0.351633217    
2      2023   3      3.202627087    
3      2019   1      7.8900349496   
3      2019   2    10.3195133602857 
3      2019   3     5.918114412375  
3      2020   1      0.792966327    
3      2020   2     4.13064483675   
3      2020   3    10.701606044125  
3      2021   1      6.888081315    
3      2021   2      7.5260532985   
3      2021   3          NaN        
3      2022   1    3.35903998033333 
3      2022   2    3.34139335514286 
3      2022   3      21.934629765   
3      2023   1          NaN        
3      2023   2   0.897548288777778 
3      2023   3    9.87995695322222 
------------------------------------
