
Averaged Area Burned for Each Year Through All Months by Region
============================
Region year mean_area_burned
----------------------------
1      2019 5.26184041675676
1      2020 7.11980588629787
1      2021 2.18355436744444
1      2022 2.46518395661333
1      2023   0.5916679514  
2      2019   5.887601596   
2      2020 5.52648029703226
2      2021  0.66727557925  
2      2022 2.59985374876471
2      2023   2.4898786195  
3      2019  7.920809564025 
3      2020   9.164901902   
3      2021 7.31339597066667
3      2022 8.65752803478571
3      2023   5.388752621   
----------------------------
